1	Russell WestbrookOKC	PG	67	34.4	28.1	9.4	22	42.6	1.3	4.3	29.9	8.1	9.8	83.5	7.3	8.6	2.1	0.2	4.4	31	11
2	James HardenHOU	SG	81	36.8	27.4	8	18.1	44	2.6	6.9	37.5	8.8	10.2	86.8	5.7	7	1.9	0.7	4	21	4
3	Kevin DurantOKC	PF	27	33.8	25.4	8.8	17.3	51	2.4	5.9	40.3	5.4	6.3	85.4	6.6	4.1	0.9	0.9	2.7	5	0
4	LeBron JamesCLE	SF	69	36.1	25.3	9	18.5	48.8	1.7	4.9	35.4	5.4	7.7	71	6	7.4	1.6	0.7	3.9	22	2
5	Anthony DavisNO	PF	68	36.1	24.4	9.4	17.6	53.5	0	0.2	8.3	5.5	6.8	80.5	10.2	2.2	1.5	2.9	1.4	42	0
6	Carmelo AnthonyNY	PF	40	35.7	24.2	9	20.2	44.4	1.5	4.5	34.1	4.7	5.9	79.7	6.6	3.1	1	0.4	2.2	5	0
7	DeMarcus CousinsSAC	C	59	34.1	24.1	8.4	18.1	46.7	0	0.1	25	7.2	9.2	78.2	12.7	3.6	1.5	1.7	4.3	47	2
8	Stephen CurryGS	PG	80	32.7	23.8	8.2	16.8	48.7	3.6	8.1	44.3	3.9	4.2	91.4	4.3	7.7	2	0.2	3.1	23	0
9	LaMarcus AldridgePOR	C	71	35.4	23.4	9.3	19.9	46.6	0.5	1.5	35.2	4.3	5.1	84.5	10.2	1.7	0.7	1	1.7	39	0
10	Kobe BryantLAL	SF	35	34.5	22.3	7.6	20.4	37.3	1.5	5.3	29.3	5.6	6.9	81.3	5.7	5.6	1.3	0.2	3.7	4	2
11	Blake GriffinLAC	PF	67	35.2	21.9	8.6	17.1	50.2	0.1	0.4	40	4.6	6.4	72.8	7.6	5.3	0.9	0.5	2.3	18	0
12	Kyrie IrvingCLE	PG	75	36.4	21.7	7.7	16.5	46.8	2.1	5	41.5	4.2	4.9	86.3	3.2	5.2	1.5	0.3	2.5	6	0
13	Klay ThompsonGS	SG	77	31.9	21.7	7.8	16.9	46.3	3.1	7.1	43.9	2.9	3.3	87.9	3.2	2.9	1.1	0.8	1.9	1	0
14	Dwyane WadeMIA	G	62	31.8	21.5	8.2	17.5	47	0.5	1.6	28.4	4.6	6	76.8	3.5	4.8	1.2	0.3	3.4	3	0
15	Chris BoshMIA	PF	44	35.4	21.1	7.8	16.9	46	1.4	3.8	37.5	4.1	5.3	77.2	7	2.2	0.9	0.6	2.2	7	0
16	Rudy GaySAC	SF	68	35.4	21.1	7.5	16.4	45.5	1.2	3.2	35.9	5	5.8	85.8	5.9	3.7	1	0.6	2.7	2	0
17	Damian LillardPOR	PG	82	35.7	21	7.2	16.6	43.4	2.4	7	34.3	4.2	4.9	86.4	4.6	6.2	1.2	0.3	2.7	6	0
18	DeMar DeRozanTOR	SF	60	35	20.1	6.8	16.5	41.3	0.4	1.5	28.4	6	7.2	83.2	4.6	3.5	1.2	0.2	2.3	4	0
19	Jimmy ButlerCHI	SF	65	38.7	20	6.5	14	46.2	1.1	3	37.8	5.9	7.1	83.4	5.8	3.3	1.8	0.6	1.4	4	0
20	Kevin MartinMIN	SG	39	33.4	20	6.8	16	42.7	1.9	4.9	39.3	4.4	4.9	88.1	3.6	2.3	0.8	0	1.9	0	0
21	Nikola VucevicORL	C	74	34.2	19.3	8.5	16.3	52.3	0	0.1	33.3	2.2	2.9	75.2	10.9	2	0.7	0.7	2	45	0
22	Gordon HaywardUTAH	SF	76	34.4	19.3	6.4	14.3	44.5	1.6	4.3	36.4	4.9	6.1	81.2	4.9	4.1	1.4	0.4	2.7	2	0
23	Chris PaulLAC	PG	82	34.8	19.1	6.9	14.3	48.5	1.7	4.3	39.8	3.5	3.9	90	4.6	10.2	1.9	0.2	2.3	40	1
24	Monta EllisDAL	SG	80	33.7	18.9	7.5	16.9	44.5	1	3.6	28.5	2.9	3.8	75.2	2.4	4.1	1.9	0.3	2.5	3	0
25	Pau GasolCHI	PF	78	34.4	18.5	7.3	14.8	49.4	0.2	0.3	46.2	3.8	4.7	80.3	11.8	2.7	0.3	1.9	2	54	0
26	Victor OladipoORL	SG	72	35.7	17.9	6.6	15.1	43.6	1.2	3.4	33.9	3.6	4.4	81.9	4.2	4.1	1.7	0.3	2.8	3	0
27	Kyle LowryTOR	PG	70	34.5	17.8	6.1	14.9	41.2	1.9	5.6	33.8	3.6	4.5	80.8	4.7	6.8	1.6	0.2	2.5	13	2
28	Derrick RoseCHI	PG	51	30	17.7	6.6	16.4	40.5	1.5	5.3	28	3	3.7	81.3	3.2	4.9	0.7	0.3	3.2	4	0
29	John WallWSH	PG	79	35.9	17.6	6.6	14.8	44.5	0.8	2.7	30	3.6	4.6	78.5	4.6	10	1.7	0.6	3.8	40	0
30	Marc GasolMEM	C	81	33.2	17.4	6.5	13.2	49.4	0	0.2	17.6	4.3	5.4	79.5	7.8	3.8	0.9	1.6	2.2	20	0
31	Kemba WalkerCHA	PG	62	34.2	17.3	6.1	15.8	38.5	1.4	4.5	30.4	3.8	4.6	82.7	3.5	5.1	1.4	0.5	1.6	4	0
32	Dirk NowitzkiDAL	F	77	29.6	17.3	6.3	13.8	45.9	1.4	3.6	38	3.3	3.8	88.2	5.9	1.9	0.5	0.4	1.1	6	0
33	Brook LopezBKN	C	72	29.2	17.2	7	13.7	51.3	0	0.1	10	3.1	3.8	81.4	7.4	0.7	0.6	1.8	1.4	17	0
34	Tobias HarrisORL	PF	68	34.8	17.1	6.5	14	46.6	1.3	3.5	36.4	2.8	3.6	78.8	6.3	1.8	1	0.5	1.7	11	0
35	Eric BledsoePHX	SG	81	34.6	17	5.8	12.9	44.7	1.1	3.4	32.4	4.4	5.4	80	5.2	6.1	1.6	0.6	3.4	13	2
36	Brandon KnightMIL/PHX	PG	63	32.3	17	6	14.1	42.2	2	5.1	38.9	3.1	3.5	87.4	3.9	5.2	1.4	0.2	3	2	0
37	Andrew WigginsMIN	SF	82	36.2	16.9	6.1	13.9	43.7	0.5	1.5	31	4.3	5.7	76	4.6	2.1	1	0.6	2.2	2	0
38	Tony WrotenPHI	SG	30	29.8	16.9	5.8	14.5	40.3	1.2	4.7	26.1	4	6	66.7	2.9	5.2	1.6	0.3	3.8	2	0
39	Paul MillsapATL	PF	73	32.7	16.7	6.1	12.7	47.6	1.1	3	35.6	3.5	4.6	75.7	7.8	3.1	1.8	0.9	2.3	15	0
40	Al JeffersonCHA	C	65	30.6	16.6	7.5	15.5	48.1	0	0.1	40	1.7	2.5	65.5	8.4	1.7	0.7	1.3	1	22	0
41	Tyreke EvansNO	G	79	34.1	16.6	6.6	14.7	44.7	0.9	2.9	30.4	2.6	3.7	69.4	5.3	6.6	1.3	0.5	3.1	18	1
42	Kawhi LeonardSA	SF	64	31.8	16.5	6.2	12.8	47.9	1	3	34.9	3.2	3.9	80.2	7.2	2.5	2.3	0.8	1.5	14	0
43	Isaiah ThomasBOS/PHX	G	67	25.8	16.4	5	11.9	42.1	1.9	5.2	37.3	4.5	5.2	86.8	2.3	4.2	0.9	0.1	2.1	0	0
44	Kevin LoveCLE	PF	75	33.8	16.4	5.5	12.7	43.4	1.9	5.2	36.7	3.4	4.3	80.4	9.7	2.2	0.7	0.5	1.6	38	0
45	JJ RedickLAC	SG	78	30.9	16.4	5.7	12	47.7	2.6	5.9	43.7	2.3	2.6	90.1	2.1	1.8	0.5	0.1	1.2	0	0
46	Goran DragicMIA/PHX	PG	78	33.8	16.3	6.4	12.8	50.1	1.2	3.3	34.7	2.3	3	77.3	3.5	4.5	1	0.2	2.2	4	0
47	Darren CollisonSAC	PG	45	34.8	16.1	5.8	12.2	47.3	1.3	3.6	37.3	3.2	4.1	78.8	3.2	5.6	1.5	0.3	2.5	3	0
48	Zach RandolphMEM	F	71	32.5	16.1	6.4	13.1	48.7	0.1	0.3	35	3.2	4.2	76.5	10.5	2.2	1	0.2	2.2	38	0
49	George HillIND	PG	43	29.5	16.1	5.9	12.4	47.7	1.6	4.5	35.8	2.6	3.3	79	4.2	5.1	1	0.3	1.6	2	1
50	Derrick FavorsUTAH	F	74	30.8	16	6.5	12.4	52.5	0	0.1	16.7	3	4.5	66.9	8.2	1.5	0.8	1.7	1.6	23	0