1	Stephen CurryGS	PG	79	34.2	30.1	10.2	20.2	50.4	5.1	11.2	45.4	4.6	5.1	90.8	5.4	6.7	2.1	0.2	3.3	15	2
2	James HardenHOU	SG	82	38.1	29	8.7	19.7	43.9	2.9	8	35.9	8.8	10.2	86	6.1	7.5	1.7	0.6	4.6	23	3
3	Kevin DurantOKC	PF	72	35.8	28.2	9.7	19.2	50.5	2.6	6.7	38.6	6.2	6.9	89.8	8.2	5	1	1.2	3.5	27	1
4	DeMarcus CousinsSAC	C	65	34.6	26.9	9.2	20.5	45.1	1.1	3.2	33.3	7.3	10.2	71.8	11.5	3.3	1.6	1.4	3.8	47	1
5	LeBron JamesCLE	SF	76	35.6	25.3	9.7	18.6	52	1.1	3.7	30.9	4.7	6.5	73.1	7.4	6.8	1.4	0.6	3.3	28	3
6	Damian LillardPOR	PG	75	35.7	25.1	8.2	19.7	41.9	3.1	8.1	37.5	5.5	6.2	89.2	4	6.8	0.9	0.4	3.2	15	0
7	Anthony DavisNO	PF	61	35.5	24.3	9.2	18.6	49.3	0.6	1.8	32.4	5.3	7	75.8	10.3	1.9	1.3	2	2	36	0
8	Russell WestbrookOKC	PG	80	34.4	23.5	8.2	18.1	45.4	1.3	4.3	29.6	5.8	7.2	81.2	7.8	10.4	2	0.3	4.3	54	18
9	DeMar DeRozanTOR	SF	78	35.9	23.5	7.9	17.7	44.6	0.6	1.8	33.8	7.1	8.4	85	4.5	4	1	0.3	2.2	3	0
10	Paul GeorgeIND	F	81	34.8	23.1	7.5	17.9	41.8	2.6	7	37.1	5.6	6.5	86	7	4.1	1.9	0.4	3.3	15	0
11	Isaiah ThomasBOS	G	82	32.2	22.2	7.2	16.9	42.8	2	5.7	35.9	5.8	6.6	87.1	3	6.2	1.1	0.1	2.7	7	0
12	Klay ThompsonGS	SG	80	33.3	22.1	8.1	17.3	47	3.5	8.1	42.5	2.4	2.8	87.3	3.8	2.1	0.8	0.6	1.7	0	0
13	Carmelo AnthonyNY	PF	72	35.1	21.8	7.9	18.2	43.4	1.5	4.3	33.9	4.6	5.6	82.9	7.7	4.2	0.9	0.5	2.4	22	0
14	Blake GriffinLAC	PF	35	33.4	21.4	8.6	17.2	49.9	0.2	0.5	33.3	4	5.5	72.7	8.4	4.9	0.8	0.5	2.4	13	0
15	Kyle LowryTOR	PG	77	37	21.2	6.6	15.6	42.7	2.8	7.1	38.8	5.2	6.4	81.1	4.7	6.4	2.1	0.4	2.9	12	1
16	Kawhi LeonardSA	SF	72	33.1	21.2	7.7	15.1	50.5	1.8	4	44.3	4.1	4.6	87.4	6.8	2.6	1.8	1	1.5	12	0
17	Jimmy ButlerCHI	SF	67	36.9	20.9	7	15.4	45.4	1	3.1	31.2	5.9	7.1	83.2	5.3	4.8	1.6	0.6	2	10	2
18	Kemba WalkerCHA	PG	81	35.6	20.9	7	16.4	42.7	2.2	6	37.1	4.6	5.4	84.7	4.4	5.2	1.6	0.5	2.1	3	0
19	CJ McCollumPOR	SG	80	34.8	20.8	8	17.9	44.8	2.5	5.9	41.7	2.3	2.8	82.7	3.2	4.3	1.2	0.3	2.5	2	0
20	Andrew WigginsMIN	SF	81	35.1	20.7	7.3	16	45.9	0.7	2.3	30	5.3	7	76.1	3.6	2	1	0.6	2.2	1	0
21	Brook LopezBKN	C	73	33.7	20.6	8.1	15.8	51.1	0	0.2	14.3	4.3	5.5	78.7	7.8	2	0.8	1.7	2.4	26	0
22	Eric BledsoePHX	SG	31	34.2	20.4	7.2	15.9	45.3	1.5	4.2	37.2	4.5	5.5	80.2	4	6.1	2	0.6	3.5	3	0
23	John WallWSH	PG	77	36.2	19.9	7.4	17.5	42.4	1.5	4.3	35.1	3.5	4.5	79.1	4.9	10.2	1.9	0.8	4.1	49	4
24	Gordon HaywardUTAH	SF	80	36.2	19.7	6.5	15	43.3	1.8	5.1	34.9	4.9	6	82.4	5	3.7	1.2	0.3	2.5	4	0
25	Kyrie IrvingCLE	PG	53	31.5	19.6	7.4	16.6	44.8	1.6	4.9	32.1	3.2	3.6	88.5	3	4.7	1.1	0.3	2.3	1	0
26	Brandon KnightPHX	PG	52	36	19.6	7.1	17.2	41.5	2.3	6.8	34.2	3	3.5	85.2	3.9	5.1	1.2	0.4	3.4	4	1
27	Danilo GallinariDEN	PF	53	34.7	19.5	5.4	13.2	41	1.6	4.5	36.4	7.1	8.2	86.8	5.3	2.5	0.8	0.4	1.5	3	0
28	Chris PaulLAC	PG	74	32.7	19.5	7	15.1	46.2	1.6	4.4	37.1	4	4.4	89.6	4.2	10	2.1	0.2	2.6	38	0
29	Chris BoshMIA	PF	53	33.5	19.1	6.8	14.5	46.7	1.5	4.2	36.5	4	5.1	79.5	7.4	2.4	0.7	0.6	1.5	15	0
30	Dwyane WadeMIA	G	74	30.5	19	7.3	16	45.6	0.1	0.6	15.9	4.4	5.5	79.3	4.1	4.6	1.1	0.6	2.7	2	0
31	Reggie JacksonDET	PG	79	30.7	18.8	6.8	15.7	43.4	1.5	4.2	35.3	3.7	4.3	86.3	3.2	6.2	0.7	0.1	2.8	9	0
32	Karl-Anthony TownsMIN	C	82	32	18.3	7.6	14.1	54.2	0.4	1.1	34.1	2.7	3.4	81.1	10.5	2	0.7	1.7	2.2	51	0
33	Dirk NowitzkiDAL	F	75	31.5	18.3	6.6	14.8	44.8	1.7	4.6	36.8	3.3	3.7	89.3	6.5	1.8	0.7	0.7	1.1	10	0
34	Nikola VucevicORL	C	65	31.3	18.2	8.2	16.1	51	0	0.1	22.2	1.7	2.3	75.3	8.9	2.8	0.8	1.1	1.9	29	0
35	Khris MiddletonMIL	SF	79	36.1	18.2	6.4	14.5	44.4	1.8	4.6	39.6	3.5	3.9	88.8	3.8	4.2	1.7	0.2	2.3	1	0
36	LaMarcus AldridgeSA	C	74	30.6	18	7.2	14.1	51.3	0	0.2	0	3.5	4.1	85.8	8.5	1.5	0.5	1.1	1.3	26	0
37	Kobe BryantLAL	SF	66	28.2	17.6	6	16.9	35.8	2	7.1	28.5	3.5	4.3	82.6	3.7	2.8	0.9	0.2	2	2	0
38	Jahlil OkaforPHI	C	53	30	17.5	7.5	14.7	50.8	0	0.1	16.7	2.5	3.7	68.6	7	1.2	0.4	1.2	2.3	11	0
39	Bradley BealWSH	SG	55	31.1	17.4	6.5	14.5	44.9	1.9	4.9	38.7	2.5	3.2	76.7	3.4	2.9	1	0.2	2	0	0
40	Rudy GaySAC	SF	70	34	17.2	6.7	14.4	46.3	1.1	3.1	34.4	2.8	3.6	78	6.5	1.7	1.4	0.7	2	7	0
41	Paul MillsapATL	PF	81	32.7	17.1	6.2	13.2	47	0.9	2.9	31.9	3.8	5	75.7	9	3.3	1.8	1.7	2.4	32	0
42	Ryan AndersonNO	PF	66	30.4	17	6	14.1	42.7	2	5.4	36.6	3	3.5	87.3	6	1.1	0.6	0.4	1.4	8	0
43	Giannis AntetokounmpoMIL	PF	80	35.3	16.9	6.4	12.7	50.6	0.4	1.4	25.7	3.7	5.1	72.4	7.7	4.3	1.2	1.4	2.6	21	5
44	Jrue HolidayNO	PG	65	28.2	16.8	6.3	14.4	43.8	1.3	4	33.6	2.8	3.3	84.3	3	6	1.4	0.3	2.6	5	0
45	Marc GasolMEM	C	52	34.4	16.6	6.3	13.6	46.4	0	0.1	66.7	3.9	4.7	82.9	7	3.8	1	1.3	2.3	9	1
46	Pau GasolCHI	PF	72	31.8	16.5	6.5	13.8	46.9	0.3	1	34.8	3.2	4	79.2	11	4.1	0.6	2	2.3	46	2
47	Derrick FavorsUTAH	F	62	32	16.4	6.7	13.1	51.5	0	0.1	0	2.9	4.1	70.9	8.1	1.5	1.2	1.5	1.7	19	0
48	Derrick RoseCHI	PG	66	31.8	16.4	6.8	15.9	42.7	0.7	2.3	29.3	2.2	2.7	79.3	3.4	4.7	0.7	0.2	2.7	1	0
49	JJ RedickLAC	SG	75	28	16.3	5.6	11.7	48	2.7	5.6	47.5	2.4	2.7	88.8	1.9	1.4	0.6	0.1	1	0	0
50	Andre DrummondDET	C	81	32.9	16.2	6.8	13.1	52.1	0	0.1	33.3	2.6	7.2	35.5	14.8	0.8	1.5	1.4	1.9	66	0
51	Kevin LoveCLE	PF	77	31.5	16	5.3	12.7	41.9	2.1	5.7	36	3.4	4.1	82.2	9.9	2.4	0.8	0.5	1.8	35	0
52	Victor OladipoORL	SG	72	33	16	5.9	13.5	43.8	1.4	3.9	34.8	2.8	3.4	83	4.8	3.9	1.6	0.8	2.1	3	1
53	Jeff TeagueATL	PG	79	28.5	15.7	5.5	12.5	43.9	1.4	3.5	40	3.3	3.9	83.7	2.7	5.9	1.2	0.3	2.8	4	0
54	Jordan ClarksonLAL	PG	79	32.3	15.5	6	13.9	43.3	1.4	4.1	34.7	2.1	2.6	80.4	4	2.4	1.1	0.1	1.7	1	0
55	Evan FournierORL	SG	79	32.5	15.4	5.4	11.8	46.2	2	4.9	40	2.5	3	83.6	2.8	2.7	1.2	0	1.7	0	0
56	Lou WilliamsLAL	SG	67	28.5	15.3	4.2	10.3	40.8	1.6	4.8	34.4	5.3	6.3	83	2.5	2.5	0.9	0.3	1.6	0	0
57	Greg MonroeMIL	C	79	29.3	15.3	6.2	11.9	52.2	0	0	0	2.9	3.9	74	8.8	2.3	0.9	0.8	1.6	32	0
58	Mike ConleyMEM	PG	56	31.4	15.3	5.3	12.4	42.2	1.4	3.8	36.3	3.4	4.1	83.4	2.9	6.1	1.2	0.3	1.5	4	0
59	Zach RandolphMEM	F	68	29.6	15.3	6.3	13.3	47.5	0.1	0.4	23.1	2.5	3.2	79.6	7.8	2.1	0.6	0.2	1.5	17	1
60	Eric GordonNO	SG	45	32.9	15.2	5.1	12.3	41.8	2.5	6.5	38.4	2.5	2.8	88.8	2.2	2.7	1	0.3	1.6	0	0
61	Al HorfordATL	C	82	32.1	15.2	6.5	12.8	50.5	1.1	3.1	34.4	1.3	1.6	79.8	7.3	3.2	0.8	1.5	1.3	17	0
62	Avery BradleyBOS	PG	76	33.4	15.2	6	13.4	44.8	1.9	5.4	36.1	1.3	1.6	78	2.9	2.1	1.5	0.3	1.4	0	0
63	Tyreke EvansNO	G	25	30.6	15.2	5.4	12.6	43.3	1.3	3.4	38.8	3	3.7	79.6	5.2	6.6	1.3	0.3	2.9	6	0
64	Thaddeus YoungBKN	PF	73	33	15.1	6.8	13.2	51.4	0.1	0.4	23.3	1.4	2.2	64.4	9	1.9	1.5	0.5	1.9	28	0
65	Nicolas BatumCHA	PF	70	35	14.9	5.3	12.5	42.6	2	5.7	34.8	2.3	2.7	84.9	6.1	5.8	0.9	0.6	2.9	11	2
66	Tobias HarrisORL/DET	PF	76	33.1	14.7	5.5	11.7	46.9	1.1	3.1	33.5	2.7	3.2	83.1	6.7	2.2	0.9	0.5	1.4	12	0
67	Rodney HoodUTAH	SG	79	32.2	14.5	5.2	12.3	42	2	5.7	35.9	2.2	2.5	86	3.4	2.7	0.9	0.2	1.6	0	0
68	Kentavious Caldwell-PopeDET	SG	76	36.7	14.5	5.3	12.6	42	1.5	4.9	30.9	2.4	3	81.1	3.7	1.8	1.4	0.2	1.4	1	0
69	Will BartonDEN	G	82	28.7	14.4	5.2	12	43.2	1.4	4	34.5	2.6	3.3	80.6	5.8	2.5	0.9	0.5	1.7	6	0
70	Kristaps PorzingisNY	C	72	28.4	14.3	5.2	12.3	42.1	1.1	3.4	33.3	2.8	3.3	83.8	7.3	1.3	0.7	1.9	1.7	21	0
71	Hassan WhitesideMIA	C	73	29.1	14.2	5.7	9.3	60.6	0	0	0	2.9	4.5	65	11.8	0.4	0.6	3.7	1.9	41	3
72	Jae CrowderBOS	PF	73	31.6	14.2	4.9	11.1	44.3	1.7	5	33.6	2.7	3.3	82	5.1	1.8	1.7	0.5	1.1	5	0
73	Jamal CrawfordLAC	G	79	26.9	14.2	4.8	11.9	40.4	1.5	4.4	34	3.1	3.4	90.4	1.8	2.3	0.7	0.2	1.4	0	0
74	Goran DragicMIA	PG	72	32.8	14.1	5.8	12.2	47.7	0.9	2.8	31.2	1.7	2.3	72.7	3.8	5.8	1	0.2	2.6	5	0
75	Marcus Morris Sr.DET	SF	80	35.7	14.1	5.1	11.8	43.4	1.4	3.7	36.2	2.5	3.4	74.9	5.1	2.5	0.8	0.3	1.8	4	0
76	Deron WilliamsDAL	PG	65	32.4	14.1	4.9	11.9	41.4	1.5	4.3	34.4	2.8	3.2	86.9	2.9	5.8	0.9	0.2	2.3	4	0
77	Jabari ParkerMIL	PF	76	31.7	14.1	5.8	11.8	49.3	0.1	0.5	25.7	2.3	3	76.8	5.2	1.7	0.9	0.4	1.5	6	0
78	Zach LaVineMIN	SG	82	28	14	5.3	11.7	45.2	1.5	3.9	38.9	2	2.5	79.3	2.8	3.1	0.8	0.2	1.9	0	0
79	Darren CollisonSAC	PG	74	30	14	5.1	10.5	48.6	1.2	2.9	40.1	2.6	3.1	85.8	2.3	4.3	1	0.1	1.8	4	0
80	Draymond GreenGS	PF	81	34.7	14	5	10.1	49	1.2	3.2	38.8	2.8	4.1	69.6	9.5	7.4	1.5	1.4	3.2	33	13
81	Monta EllisIND	SG	81	33.8	13.8	5.4	12.6	42.7	1.1	3.5	30.9	2	2.5	78.6	3.3	4.7	1.9	0.5	2.5	1	0
82	Devin BookerPHX	SG	76	27.7	13.8	4.8	11.4	42.3	1.3	3.8	34.3	2.8	3.4	84	2.5	2.6	0.6	0.3	2.1	3	0
83	Dwight HowardHOU	C	71	32.1	13.7	5.2	8.5	62	0	0.1	0	3.3	6.7	48.9	11.8	1.4	1	1.6	2.3	38	0
84	Chandler ParsonsDAL	SF	61	29.5	13.7	5.2	10.7	49.2	1.7	4.1	41.4	1.5	2.2	68.4	4.7	2.8	0.8	0.3	1.6	3	0
85	Marcin GortatWSH	C	75	30.1	13.5	5.8	10.2	56.7	0	0	0	1.9	2.8	70.5	9.9	1.4	0.6	1.3	1.6	41	0
86	Alec BurksUTAH	SG	31	25.7	13.3	4.4	10.8	41	1	2.5	40.5	3.4	4.5	75.2	3.5	2	0.6	0.1	1.6	0	0
87	D'Angelo RussellLAL	PG	80	28.2	13.2	4.9	12	41	1.6	4.6	35.1	1.8	2.4	73.7	3.4	3.3	1.2	0.2	2.5	1	0
88	Dahntay JonesCLE	SG	1	42	13	6	14	42.9	1	2	50	0	0	0	5	2	1	2	0	0	0
89	Jarrett JackBKN	G	32	32.1	12.8	4.4	11.2	39.1	1	3.2	30.4	3.1	3.5	89.3	4.3	7.4	1.1	0.2	2.9	6	0
90	Emmanuel MudiayDEN	G	68	30.4	12.8	4.8	13.3	36.4	1.1	3.4	31.9	2.1	3.1	67	3.4	5.5	1	0.5	3.2	4	0
91	Robert CovingtonPHI	PF	67	28.4	12.8	4.1	10.6	38.5	2.5	7.2	35.3	2.1	2.6	79.1	6.3	1.4	1.6	0.6	2.1	7	0
92	Arron AfflaloNY	G	71	33.4	12.8	5	11.3	44.3	1.3	3.4	38.2	1.5	1.8	84	3.7	2	0.4	0.1	1.2	1	0
93	Jonas ValanciunasTOR	C	60	26	12.8	5.1	8.9	56.5	0	0	0	2.7	3.6	76.1	9.1	0.7	0.4	1.3	1.4	22	0
94	Michael BeasleyHOU	F	20	18.2	12.8	5.4	10.3	52.2	0.2	0.5	33.3	1.9	2.5	77.6	4.9	0.8	0.6	0.5	1.2	1	0
95	DeAndre JordanLAC	C	77	33.7	12.7	4.6	6.6	70.3	0	0	0	3.5	8	43	13.8	1.2	0.7	2.3	1.4	49	0
96	Michael Kidd-GilchristCHA	F	7	29.3	12.7	4.7	8.7	54.1	0.4	1	42.9	2.9	4.1	69	6.4	1.3	0.4	0.4	1.1	2	0
97	Enes FreedomOKC	C	82	21	12.7	5	8.8	57.6	0.1	0.3	47.6	2.4	3.1	79.7	8.1	0.4	0.3	0.4	1.4	25	0
98	Trevor ArizaHOU	SF	81	35.3	12.7	4.4	10.6	41.6	2.3	6.2	37.1	1.6	2	78.3	4.5	2.3	2	0.3	1.4	1	0
99	Ish SmithNO/PHI	PG	77	29.1	12.6	5.2	12.6	41.1	0.7	2.2	32.9	1.6	2.3	69.3	4	6.5	1.1	0.3	2.3	12	0
100	Serge IbakaOKC	F	78	32.1	12.6	5.3	11.1	47.9	0.8	2.4	32.6	1.2	1.6	75.2	6.8	0.8	0.5	1.9	1.4	9	0